---------------------------------------------------------------------------------------------------------------------------------------------------------
CMIP5
---------------------------------------------------------------------------------------------------------------------------------------------------------
MODEL             ECS      ERF2x       PL       PL*        LR       LR*        WV        RH       ALB       CLD      SWCLD     LWCLD      NET       ERR    
---------------------------------------------------------------------------------------------------------------------------------------------------------
ACCESS1-0         3.85      2.95     -3.23     -1.90     -0.42     -0.01      1.77      0.03      0.47      0.40      0.07      0.33     -0.76      0.25   
ACCESS1-3         3.55      2.88     -3.27     -1.90     -0.41     -0.01      1.74     -0.02      0.46      0.59      0.48      0.11     -0.81      0.09   
BNU-ESM           4.04      3.72     -3.20     -1.93     -0.12      0.12      1.54      0.03      0.71      0.10     -0.23      0.33     -0.92      0.04   
CCSM4             2.94      3.48     -3.26     -1.94     -0.22      0.08      1.58     -0.04      0.55      0.18     -0.09      0.26     -1.18     -0.02   
CNRM-CM5          3.25      3.69     -3.26     -1.92     -0.32      0.00      1.62     -0.04      0.50      0.10     -0.21      0.31     -1.14      0.22   
CSIRO-Mk3-6-0     4.09      2.60     -3.27     -1.86     -0.49     -0.04      1.83     -0.03      0.43      0.61      0.55      0.07     -0.64      0.25   
CanESM2           3.70      3.81     -3.34     -1.95     -0.44     -0.03      1.87      0.07      0.45      0.45     -0.29      0.74     -1.03     -0.02   
FGOALS-g2         3.37      2.84     -3.25     -1.94     -0.16      0.10      1.65      0.08      0.66      0.30     -0.06      0.37     -0.84     -0.04   
FGOALS-s2         4.18      3.82     -3.26     -1.92     -0.39     -0.01      1.77      0.06      0.58     -0.06     -0.42      0.36     -0.91      0.44   
GFDL-CM3          3.96      3.01     -3.24     -1.87     -0.59     -0.10      1.75     -0.11      0.47      0.83      0.60      0.23     -0.76      0.02   
GFDL-ESM2G        2.43      2.99     -3.26     -1.87     -0.76     -0.19      2.02      0.06      0.34      0.18     -0.40      0.58     -1.23      0.25   
GFDL-ESM2M        2.44      3.35     -3.25     -1.85     -0.84     -0.20      2.05      0.02      0.31      0.07     -0.49      0.56     -1.37      0.28   
GISS-E2-H         2.31      3.82     -3.21     -1.90     -0.45     -0.01      1.80      0.05      0.36     -0.19     -0.72      0.54     -1.66      0.03   
GISS-E2-R         2.12      3.74     -3.24     -1.91     -0.54     -0.05      1.92      0.10      0.28     -0.19     -0.80      0.61     -1.76      0.01   
HadGEM2-ES        4.60      2.91     -3.23     -1.89     -0.34      0.01      1.73      0.03      0.43      0.64      0.29      0.36     -0.63      0.14   
IPSL-CM5A-LR      4.13      3.10     -3.32     -1.89     -0.85     -0.16      2.15      0.03      0.29      1.12      0.61      0.51     -0.75     -0.14   
IPSL-CM5A-MR      4.13      3.10     -3.32     -1.89     -0.85     -0.16      2.15      0.03      0.29      1.12      0.61      0.51     -0.75     -0.14   
IPSL-CM5B-LR      2.61      2.65     -3.24     -1.92     -0.38      0.04      1.78      0.05      0.31      0.57      0.35      0.22     -1.02     -0.06   
MIROC-ESM         4.65      4.29     -3.38     -1.93     -0.72     -0.13      2.04      0.00      0.55      0.61      0.20      0.41     -0.92     -0.02   
MIROC5            2.72      4.15     -3.30     -1.90     -0.59     -0.07      1.96      0.05      0.53     -0.12     -0.38      0.26     -1.53     -0.01   
MPI-ESM-LR        3.63      4.10     -3.21     -1.85     -0.72     -0.11      1.91     -0.06      0.47      0.36     -0.16      0.51     -1.13      0.07   
MPI-ESM-MR        3.45      4.11     -3.22     -1.85     -0.78     -0.14      1.94     -0.08      0.42      0.40     -0.07      0.47     -1.19      0.07   
MPI-ESM-P         3.46      4.26     -3.24     -1.86     -0.79     -0.14      1.97     -0.06      0.43      0.31     -0.21      0.53     -1.23      0.09   
MRI-CGCM3         2.61      3.20     -3.30     -1.97     -0.27      0.06      1.60     -0.06      0.57      0.21      0.24     -0.03     -1.22     -0.03   
NorESM1-M         2.80      3.10     -3.23     -1.92     -0.17      0.09      1.56     -0.01      0.51      0.21     -0.02      0.24     -1.11      0.01   
bcc-csm1-1        2.82      3.24     -3.27     -1.95     -0.17      0.07      1.50     -0.06      0.51      0.23     -0.15      0.38     -1.15      0.05   
bcc-csm1-1-m      2.89      3.43     -3.34     -1.96     -0.26      0.05      1.63     -0.06      0.45      0.34     -0.02      0.36     -1.19     -0.00   
inmcm4            2.08      2.97     -3.24     -1.90     -0.38     -0.02      1.68     -0.02      0.48      0.18     -0.03      0.20     -1.43     -0.14   
---------------------------------------------------------------------------------------------------------------------------------------------------------
Average           3.31      3.40     -3.26     -1.91     -0.48     -0.03      1.80      0.00      0.46      0.34     -0.03      0.37     -1.08      0.06   
---------------------------------------------------------------------------------------------------------------------------------------------------------
1-sigma           0.74      0.50      0.04      0.03      0.23      0.09      0.18      0.05      0.11      0.33      0.38      0.17      0.29      0.14   
---------------------------------------------------------------------------------------------------------------------------------------------------------
